Disease ID	Disease Name	Gene ID	Gene Name	Genotype	Gene Symbol(s)	Phenotype ID	Phenotype Name	Age of Onset ID	Age of Onset Name	Evidence ID	Evidence Name	Frequency	Sex ID	Sex Name	Negation ID	Negation Name	Description	Pub	Assigned by	Date Created
DOID-DOID:0005334	Paraphimosis					HP:0100588	Paraphimosis			ITM	ITM						Parsed by BioLark from Pubmed abstract (additional info: 287.81699077520375/26). MESHID: D010263	PMID:20590499;PMID:21298220;PMID:522857;PMID:17312729;PMID:7755835	HPO	11.05.2015
DOID-DOID:0005334	Paraphimosis					HP:0001741	Phimosis			ITM	ITM						Parsed by BioLark from Pubmed abstract (additional info: 53.11224237627483/6). MESHID: D010263	PMID:21298220;PMID:522857;PMID:2974753;PMID:20405611;PMID:8521900	HPO	11.05.2015
DOID-DOID:0005334	Paraphimosis					HP:0000969	Edema			ITM	ITM						Parsed by BioLark from Pubmed abstract (additional info: 34.383818736316066/8). MESHID: D010263	PMID:11320922;PMID:8804504;PMID:11142469;PMID:18280267;PMID:23257575	HPO	11.05.2015
