Disease ID	Disease Name	Gene ID	Gene Name	Genotype	Gene Symbol(s)	Phenotype ID	Phenotype Name	Age of Onset ID	Age of Onset Name	Evidence ID	Evidence Name	Frequency	Sex ID	Sex Name	Negation ID	Negation Name	Description	Pub	Assigned by	Date Created
DOID-DOID:0008738	Balanitis Xerotica Obliterans					HP:0001741	Phimosis			ITM	ITM						Parsed by BioLark from Pubmed abstract (additional info: 53.11224237627483/6). MESHID: D052798	PMID:22483994;PMID:22649954;PMID:21929920;PMID:19097823;PMID:19138882	HPO	11.05.2015
DOID-DOID:0008738	Balanitis Xerotica Obliterans					HP:0000047	Hypospadias			ITM	ITM						Parsed by BioLark from Pubmed abstract (additional info: 22.21032645476928/3). MESHID: D052798	PMID:21438977;PMID:20544335;PMID:18273971	HPO	11.05.2015
DOID-DOID:0008738	Balanitis Xerotica Obliterans					HP:0100699	Scarring			ITM	ITM						Parsed by BioLark from Pubmed abstract (additional info: 19.790004424820342/4). MESHID: D052798	PMID:21438977;PMID:22483994;PMID:21929920;PMID:23329078	HPO	11.05.2015
DOID-DOID:0008738	Balanitis Xerotica Obliterans					HP:0008661	Urethral stenosis			ITM	ITM						Parsed by BioLark from Pubmed abstract (additional info: 18.743955400326104/2). MESHID: D052798	PMID:21514696;PMID:19138882	HPO	11.05.2015
