Disease ID	Disease Name	Gene ID	Gene Name	Genotype	Gene Symbol(s)	Phenotype ID	Phenotype Name	Age of Onset ID	Age of Onset Name	Evidence ID	Evidence Name	Frequency	Sex ID	Sex Name	Negation ID	Negation Name	Description	Pub	Assigned by	Date Created
DOID-DOID:0012451	Sulfhemoglobinemia					HP:0000961	Cyanosis			ITM	ITM						Parsed by BioLark from Pubmed abstract (additional info: 77.60090800566458/11). MESHID: D013436	PMID:10499955;PMID:9554060;PMID:15886294;PMID:7237975;PMID:978859	HPO	11.05.2015
DOID-DOID:0012451	Sulfhemoglobinemia					HP:0001000	Abnormality of skin pigmentation			ITM	ITM						Parsed by BioLark from Pubmed abstract (additional info: 15.030531370141592/3). MESHID: D013436	PMID:10499955;PMID:15886294;PMID:8972152	HPO	11.05.2015
DOID-DOID:0012451	Sulfhemoglobinemia					HP:0001878	Hemolytic anemia			ITM	ITM						Parsed by BioLark from Pubmed abstract (additional info: 12.880286841324928/2). MESHID: D013436	PMID:7237975;PMID:7154140	HPO	11.05.2015
DOID-DOID:0012451	Sulfhemoglobinemia					HP:0002018	Nausea			ITM	ITM						Parsed by BioLark from Pubmed abstract (additional info: 11.740427769615488/2). MESHID: D013436	PMID:10499955;PMID:7154140	HPO	11.05.2015
