Disease ID	Disease Name	Gene ID	Gene Name	Genotype	Gene Symbol(s)	Phenotype ID	Phenotype Name	Age of Onset ID	Age of Onset Name	Evidence ID	Evidence Name	Frequency	Sex ID	Sex Name	Negation ID	Negation Name	Description	Pub	Assigned by	Date Created
DOID-DOID:0013357	Chondromalacia Patellae					HP:0002758	Osteoarthritis			ITM	ITM						Parsed by BioLark from Pubmed abstract (additional info: 36.803609687675797). MESHID: D046789	PMID:16699283; PMID:16514662; PMID:18022850; PMID:18300675; PMID:18719887	HPO	11.05.2015
DOID-DOID:0013357	Chondromalacia Patellae					HP:0005086	Knee osteoarthritis			ITM	ITM						Parsed by BioLark from Pubmed abstract (additional info: 19.9599157332126543). MESHID: D046789	PMID:19279226; PMID:10952867; PMID:17993066	HPO	11.05.2015
DOID-DOID:0013357	Chondromalacia Patellae					HP:0002829	Arthralgia			ITM	ITM						Parsed by BioLark from Pubmed abstract (additional info: 18.8912496996381523). MESHID: D046789	PMID:21720892; PMID:16514662; PMID:18345345	HPO	11.05.2015
DOID-DOID:0013357	Chondromalacia Patellae					HP:0004976	Knee dislocation			ITM	ITM						Parsed by BioLark from Pubmed abstract (additional info: 18.619746979342572). MESHID: D046789	PMID:16562688; PMID:16154776	HPO	11.05.2015
