Disease ID	Disease Name	Gene ID	Gene Name	Genotype	Gene Symbol(s)	Phenotype ID	Phenotype Name	Age of Onset ID	Age of Onset Name	Evidence ID	Evidence Name	Frequency	Sex ID	Sex Name	Negation ID	Negation Name	Description	Pub	Assigned by	Date Created
DOID-DOID:0009584	Encephalomyelitis, Venezuelan Equine					HP:0002383	Encephalitis			ITM	ITM						Parsed by BioLark from Pubmed abstract (additional info: 1327.8044113818225/256). MESHID: D004685	PMID:16754969;PMID:14671082;PMID:9452289;PMID:9811777;PMID:21310183	HPO	11.05.2015
DOID-DOID:0009584	Encephalomyelitis, Venezuelan Equine					HP:0002719	Recurrent infections			ITM	ITM						Parsed by BioLark from Pubmed abstract (additional info: 85.1804558096528/17). MESHID: D004685	PMID:1404258;PMID:1008132;PMID:2982170;PMID:646022;PMID:1552530	HPO	11.05.2015
DOID-DOID:0009584	Encephalomyelitis, Venezuelan Equine					HP:0001945	Fever			ITM	ITM						Parsed by BioLark from Pubmed abstract (additional info: 70.3441870900939/19). MESHID: D004685	PMID:9452289;PMID:14999604;PMID:22472656;PMID:15650438;PMID:222156	HPO	11.05.2015
DOID-DOID:0009584	Encephalomyelitis, Venezuelan Equine					HP:0003326	Myalgia			ITM	ITM						Parsed by BioLark from Pubmed abstract (additional info: 44.618517111668865/7). MESHID: D004685	PMID:9452289;PMID:22472656;PMID:222156;PMID:17727720;PMID:949558	HPO	11.05.2015
