Disease ID	Disease Name	Gene ID	Gene Name	Genotype	Gene Symbol(s)	Phenotype ID	Phenotype Name	Age of Onset ID	Age of Onset Name	Evidence ID	Evidence Name	Frequency	Sex ID	Sex Name	Negation ID	Negation Name	Description	Pub	Assigned by	Date Created
DOID-DOID:0004684	Carcinoma, Skin Appendage					HP:0008069	Neoplasm of the skin			ITM	ITM						Parsed by BioLark from Pubmed abstract (additional info: 207.4694297974556/29). MESHID: D018280	PMID:11737137;PMID:19706230;PMID:16882695;PMID:16006726;PMID:12950348	HPO	11.05.2015
DOID-DOID:0004684	Carcinoma, Skin Appendage					HP:0002671	Basal cell carcinoma			ITM	ITM						Parsed by BioLark from Pubmed abstract (additional info: 156.89761113978446/27). MESHID: D018280	PMID:8594074;PMID:18558053;PMID:15073659;PMID:20132422;PMID:20432739	HPO	11.05.2015
DOID-DOID:0004684	Carcinoma, Skin Appendage					HP:0000718	Aggressive behavior			ITM	ITM						Parsed by BioLark from Pubmed abstract (additional info: 145.84121826195215/41). MESHID: D018280	PMID:11737137;PMID:17414442;PMID:9723059;PMID:7691906;PMID:21276051	HPO	11.05.2015
DOID-DOID:0004684	Carcinoma, Skin Appendage					HP:0002860	Squamous cell carcinoma			ITM	ITM						Parsed by BioLark from Pubmed abstract (additional info: 71.62603525863723/19). MESHID: D018280	PMID:15778661;PMID:17880584;PMID:21048490;PMID:11893220;PMID:18065959	HPO	11.05.2015
