Disease ID	Disease Name	Gene ID	Gene Name	Genotype	Gene Symbol(s)	Phenotype ID	Phenotype Name	Age of Onset ID	Age of Onset Name	Evidence ID	Evidence Name	Frequency	Sex ID	Sex Name	Negation ID	Negation Name	Description	Pub	Assigned by	Date Created
DOID-DOID:0009903	Chalazion					HP:0010605	Chalazion			ITM	ITM						Parsed by BioLark from Pubmed abstract (additional info: 723.6053092721739/77). MESHID: D017043	PMID:11138835;PMID:15029042;PMID:17508048;PMID:10873994;PMID:1300299	HPO	11.05.2015
DOID-DOID:0009903	Chalazion					HP:0000498	Blepharitis			ITM	ITM						Parsed by BioLark from Pubmed abstract (additional info: 84.77431984233597/10). MESHID: D017043	PMID:22267454;PMID:10417910;PMID:15746955;PMID:15878075;PMID:1460262	HPO	11.05.2015
DOID-DOID:0009903	Chalazion					HP:0002671	Basal cell carcinoma			ITM	ITM						Parsed by BioLark from Pubmed abstract (additional info: 29.055113174034158/5). MESHID: D017043	PMID:14762403;PMID:16008694;PMID:8362578;PMID:20191129;PMID:17425198	HPO	11.05.2015
