Disease ID	Disease Name	Gene ID	Gene Name	Genotype	Gene Symbol(s)	Phenotype ID	Phenotype Name	Age of Onset ID	Age of Onset Name	Evidence ID	Evidence Name	Frequency	Sex ID	Sex Name	Negation ID	Negation Name	Description	Pub	Assigned by	Date Created
DOID-DOID:0003047	Wissler's Syndrome					HP:0001369	Arthritis			ITM	ITM						Parsed by BioLark from Pubmed abstract (additional info: 19.64178151718477/4). MESHID: D014924	PMID:3092775;PMID:7251386;PMID:12466;PMID:6291169	HPO	11.05.2015
DOID-DOID:0003047	Wissler's Syndrome					HP:0005681	Juvenile rheumatoid arthritis			ITM	ITM						Parsed by BioLark from Pubmed abstract (additional info: 19.617100822768034/3). MESHID: D014924	PMID:53963;PMID:12466;PMID:8150635	HPO	11.05.2015
DOID-DOID:0003047	Wissler's Syndrome					HP:0001945	Fever			ITM	ITM						Parsed by BioLark from Pubmed abstract (additional info: 18.511628181603655/5). MESHID: D014924	PMID:2233764;PMID:7251386;PMID:12466;PMID:6291169;PMID:8150635	HPO	11.05.2015
DOID-DOID:0003047	Wissler's Syndrome					HP:0003365	Arthralgia of the hip			ITM	ITM						Parsed by BioLark from Pubmed abstract (additional info: 13.245954732595104/2). MESHID: D014924	PMID:53963;PMID:8150635	HPO	11.05.2015
