Disease ID	Disease Name	Gene ID	Gene Name	Genotype	Gene Symbol(s)	Phenotype ID	Phenotype Name	Age of Onset ID	Age of Onset Name	Evidence ID	Evidence Name	Frequency	Sex ID	Sex Name	Negation ID	Negation Name	Description	Pub	Assigned by	Date Created
DOID-DOID:0001260	Parametritis					HP:0100658	Cellulitis			ITM	ITM						Parsed by BioLark from Pubmed abstract (additional info: 49.386810274442528). MESHID: D010249	PMID:7045754; PMID:7041654; PMID:22212318; PMID:6452816; PMID:4038579	HPO	11.05.2015
DOID-DOID:0001260	Parametritis					HP:0001945	Fever			ITM	ITM						Parsed by BioLark from Pubmed abstract (additional info: 18.5116281816036555). MESHID: D010249	PMID:7301239; PMID:7045754; PMID:7197092; PMID:2129189; PMID:8126908	HPO	11.05.2015
DOID-DOID:0001260	Parametritis					HP:0000010	Recurrent urinary tract infections			ITM	ITM						Parsed by BioLark from Pubmed abstract (additional info: 14.9913833592084273). MESHID: D010249	PMID:5171385; PMID:6923834; PMID:7045754	HPO	11.05.2015
