Disease ID	Disease Name	Gene ID	Gene Name	Genotype	Gene Symbol(s)	Phenotype ID	Phenotype Name	Age of Onset ID	Age of Onset Name	Evidence ID	Evidence Name	Frequency	Sex ID	Sex Name	Negation ID	Negation Name	Description	Pub	Assigned by	Date Created
DOID-DOID:0007146	Langerhans Cell Sarcoma					HP:0100242	Sarcoma			ITM	ITM						Parsed by BioLark from Pubmed abstract (additional info: 102.37833228176353/22). MESHID: D054752	PMID:22889043;PMID:23006414;PMID:22305414;PMID:23257672;PMID:23388086	HPO	11.05.2015
DOID-DOID:0007146	Langerhans Cell Sarcoma					HP:0000718	Aggressive behavior			ITM	ITM						Parsed by BioLark from Pubmed abstract (additional info: 24.899720191065/7). MESHID: D054752	PMID:23006414;PMID:22305414;PMID:23388086;PMID:16328350;PMID:18805873	HPO	11.05.2015
DOID-DOID:0007146	Langerhans Cell Sarcoma					HP:0002665	Lymphoma			ITM	ITM						Parsed by BioLark from Pubmed abstract (additional info: 16.930619145887963/5). MESHID: D054752	PMID:23006414;PMID:16328350;PMID:22616604;PMID:23759932;PMID:21666687	HPO	11.05.2015
