Disease ID	Disease Name	Gene ID	Gene Name	Genotype	Gene Symbol(s)	Phenotype ID	Phenotype Name	Age of Onset ID	Age of Onset Name	Evidence ID	Evidence Name	Frequency	Sex ID	Sex Name	Negation ID	Negation Name	Description	Pub	Assigned by	Date Created
DOID-DOID:0005804	Discrete Subaortic Stenosis					HP:0001682	Subaortic stenosis			ITM	ITM						Parsed by BioLark from Pubmed abstract (additional info: 394.96428736858087/49). MESHID: D021922	PMID:20642763;PMID:17948085;PMID:18823798;PMID:15026853;PMID:12632898	HPO	11.05.2015
DOID-DOID:0005804	Discrete Subaortic Stenosis					HP:0001659	Aortic regurgitation			ITM	ITM						Parsed by BioLark from Pubmed abstract (additional info: 122.16982748330074/21). MESHID: D021922	PMID:18823798;PMID:15026853;PMID:17111294;PMID:23426105;PMID:11079306	HPO	11.05.2015
DOID-DOID:0005804	Discrete Subaortic Stenosis					HP:0001650	Aortic valve stenosis			ITM	ITM						Parsed by BioLark from Pubmed abstract (additional info: 70.37405867635191/12). MESHID: D021922	PMID:20642763;PMID:17111294;PMID:23426105;PMID:18296406;PMID:22800820	HPO	11.05.2015
DOID-DOID:0005804	Discrete Subaortic Stenosis					HP:0001629	Ventricular septal defect			ITM	ITM						Parsed by BioLark from Pubmed abstract (additional info: 43.4800055645933/7). MESHID: D021922	PMID:20642763;PMID:22800820;PMID:21859650;PMID:11053814;PMID:14677738	HPO	11.05.2015
