Disease ID	Disease Name	Gene ID	Gene Name	Genotype	Gene Symbol(s)	Phenotype ID	Phenotype Name	Age of Onset ID	Age of Onset Name	Evidence ID	Evidence Name	Frequency	Sex ID	Sex Name	Negation ID	Negation Name	Description	Pub	Assigned by	Date Created
DOID-DOID:0014483	Chorea Gravidarum					HP:0002072	Chorea			ITM	ITM						Parsed by BioLark from Pubmed abstract (additional info: 51.283959347471047). MESHID: D020150	PMID:19325553; PMID:22236583; PMID:10967657; PMID:20437535; PMID:12607770	HPO	11.05.2015
DOID-DOID:0014483	Chorea Gravidarum					HP:0100022	Abnormality of movement			ITM	ITM						Parsed by BioLark from Pubmed abstract (additional info: 39.379752527746586). MESHID: D020150	PMID:19325553; PMID:22236583; PMID:20437535; PMID:12607770; PMID:12772024	HPO	11.05.2015
DOID-DOID:0014483	Chorea Gravidarum					HP:0003613	Antiphospholipid antibody positivity			ITM	ITM						Parsed by BioLark from Pubmed abstract (additional info: 12.9201994740918472). MESHID: D020150	PMID:12607770; PMID:12772024	HPO	11.05.2015
