Disease ID	Disease Name	Gene ID	Gene Name	Genotype	Gene Symbol(s)	Phenotype ID	Phenotype Name	Age of Onset ID	Age of Onset Name	Evidence ID	Evidence Name	Frequency	Sex ID	Sex Name	Negation ID	Negation Name	Description	Pub	Assigned by	Date Created
DOID-DOID:0004711	Carcinoma, Krebs 2					HP:0001541	Ascites			ITM	ITM						Parsed by BioLark from Pubmed abstract (additional info: 766.9816994968185/155). MESHID: D002287	PMID:4568725;PMID:4515620;PMID:164661;PMID:1262345;PMID:5289247	HPO	11.05.2015
DOID-DOID:0004711	Carcinoma, Krebs 2					HP:0001909	Leukemia			ITM	ITM						Parsed by BioLark from Pubmed abstract (additional info: 53.24925501589515/12). MESHID: D002287	PMID:2837482;PMID:3147726;PMID:1918172;PMID:2519873;PMID:506207	HPO	11.05.2015
