Disease ID	Disease Name	Gene ID	Gene Name	Genotype	Gene Symbol(s)	Phenotype ID	Phenotype Name	Age of Onset ID	Age of Onset Name	Evidence ID	Evidence Name	Frequency	Sex ID	Sex Name	Negation ID	Negation Name	Description	Pub	Assigned by	Date Created
DOID-DOID:0013275	Pneumonia, Rickettsial					HP:0002090	Pneumonia			ITM	ITM						Parsed by BioLark from Pubmed abstract (additional info: 66.00446246431531/18). MESHID: D011022	PMID:2868348;PMID:532073;PMID:8025791;PMID:16501424;PMID:3076676	HPO	11.05.2015
DOID-DOID:0013275	Pneumonia, Rickettsial					HP:0001945	Fever			ITM	ITM						Parsed by BioLark from Pubmed abstract (additional info: 55.53488454481097/15). MESHID: D011022	PMID:2868348;PMID:532073;PMID:16501424;PMID:6501384;PMID:1914387	HPO	11.05.2015
DOID-DOID:0013275	Pneumonia, Rickettsial					HP:0006532	Recurrent pneumonia			ITM	ITM						Parsed by BioLark from Pubmed abstract (additional info: 17.8317401034258/3). MESHID: D011022	PMID:9255891;PMID:6018052;PMID:169631	HPO	11.05.2015
DOID-DOID:0013275	Pneumonia, Rickettsial					HP:0002113	Pulmonary infiltrates			ITM	ITM						Parsed by BioLark from Pubmed abstract (additional info: 13.311446519576377/2). MESHID: D011022	PMID:142052;PMID:8927605	HPO	11.05.2015
