Disease ID	Disease Name	Gene ID	Gene Name	Genotype	Gene Symbol(s)	Phenotype ID	Phenotype Name	Age of Onset ID	Age of Onset Name	Evidence ID	Evidence Name	Frequency	Sex ID	Sex Name	Negation ID	Negation Name	Description	Pub	Assigned by	Date Created
DOID-DOID:0010250	Louping Ill					HP:0002383	Encephalitis			ITM	ITM						Parsed by BioLark from Pubmed abstract (additional info: 36.30715187372171/7). MESHID: D008146	PMID:2042394;PMID:8380831;PMID:178337;PMID:1753132;PMID:6247491	HPO	11.05.2015
DOID-DOID:0010250	Louping Ill					HP:0002719	Recurrent infections			ITM	ITM						Parsed by BioLark from Pubmed abstract (additional info: 15.031845142879906/3). MESHID: D008146	PMID:6247491;PMID:217825;PMID:212479	HPO	11.05.2015
DOID-DOID:0010250	Louping Ill					HP:0001945	Fever			ITM	ITM						Parsed by BioLark from Pubmed abstract (additional info: 14.809302545282925/4). MESHID: D008146	PMID:12407309;PMID:1753132;PMID:3754669;PMID:3764102	HPO	11.05.2015
