Disease ID	Disease Name	Gene ID	Gene Name	Genotype	Gene Symbol(s)	Phenotype ID	Phenotype Name	Age of Onset ID	Age of Onset Name	Evidence ID	Evidence Name	Frequency	Sex ID	Sex Name	Negation ID	Negation Name	Description	Pub	Assigned by	Date Created
DOID-DOID:0007566	Eccrine Porocarcinoma					HP:0000975	Hyperhidrosis			ITM	ITM						Parsed by BioLark from Pubmed abstract (additional info: 48.377904430578958). MESHID: D057090	PMID:21410982; PMID:22108500; PMID:23194306; PMID:21853429; PMID:21042176	HPO	11.05.2015
DOID-DOID:0007566	Eccrine Porocarcinoma					HP:0002860	Squamous cell carcinoma			ITM	ITM						Parsed by BioLark from Pubmed abstract (additional info: 26.3885393058137157). MESHID: D057090	PMID:21131825; PMID:22285043; PMID:22108500; PMID:20528966; PMID:21198954	HPO	11.05.2015
DOID-DOID:0007566	Eccrine Porocarcinoma					HP:0002671	Basal cell carcinoma			ITM	ITM						Parsed by BioLark from Pubmed abstract (additional info: 23.2440905392273264). MESHID: D057090	PMID:22108500; PMID:23194306; PMID:20098856; PMID:23369588	HPO	11.05.2015
DOID-DOID:0007566	Eccrine Porocarcinoma					HP:0000718	Aggressive behavior			ITM	ITM						Parsed by BioLark from Pubmed abstract (additional info: 14.2284115377514294). MESHID: D057090	PMID:21410982; PMID:22281914; PMID:23642680; PMID:19788447	HPO	11.05.2015
