Disease ID	Disease Name	Gene ID	Gene Name	Genotype	Gene Symbol(s)	Phenotype ID	Phenotype Name	Age of Onset ID	Age of Onset Name	Evidence ID	Evidence Name	Frequency	Sex ID	Sex Name	Negation ID	Negation Name	Description	Pub	Assigned by	Date Created
DOID-DOID:0009909	Hordeolum					HP:0010606	Hordeolum			ITM	ITM						Parsed by BioLark from Pubmed abstract (additional info: 145.6444034917206513). MESHID: D006726	PMID:20824865; PMID:300120; PMID:11182678; PMID:16149682; PMID:16295674	HPO	11.05.2015
DOID-DOID:0009909	Hordeolum					HP:0010605	Chalazion			ITM	ITM						Parsed by BioLark from Pubmed abstract (additional info: 56.3848292939356246). MESHID: D006726	PMID:20824865; PMID:2081834; PMID:300120; PMID:16295674; PMID:23633345	HPO	11.05.2015
DOID-DOID:0009909	Hordeolum					HP:0000498	Blepharitis			ITM	ITM						Parsed by BioLark from Pubmed abstract (additional info: 33.909727936934394). MESHID: D006726	PMID:1460262; PMID:11182678; PMID:16295674; PMID:17097390	HPO	11.05.2015
