Disease ID	Disease Name	Gene ID	Gene Name	Genotype	Gene Symbol(s)	Phenotype ID	Phenotype Name	Age of Onset ID	Age of Onset Name	Evidence ID	Evidence Name	Frequency	Sex ID	Sex Name	Negation ID	Negation Name	Description	Pub	Assigned by	Date Created
DOID-DOID:0011101	Trench Fever					HP:0001945	Fever			ITM	ITM						Parsed by BioLark from Pubmed abstract (additional info: 207.3302356339609756). MESHID: D014205	PMID:22162717; PMID:8727894; PMID:22360386; PMID:9801332; PMID:20395436	HPO	11.05.2015
DOID-DOID:0011101	Trench Fever					HP:0100584	Endocarditis			ITM	ITM						Parsed by BioLark from Pubmed abstract (additional info: 185.7771889499983336). MESHID: D014205	PMID:8727894; PMID:16386308; PMID:12204950; PMID:12807686; PMID:8862597	HPO	11.05.2015
DOID-DOID:0011101	Trench Fever					HP:0002716	Lymphadenopathy			ITM	ITM						Parsed by BioLark from Pubmed abstract (additional info: 44.090562038168098). MESHID: D014205	PMID:12608089; PMID:23484416; PMID:17564022; PMID:8809460; PMID:15634949	HPO	11.05.2015
DOID-DOID:0011101	Trench Fever					HP:0002721	Immunodeficiency			ITM	ITM						Parsed by BioLark from Pubmed abstract (additional info: 38.9146273568594610). MESHID: D014205	PMID:20395436; PMID:7529894; PMID:7529895; PMID:12677790; PMID:7519628	HPO	11.05.2015
