Disease ID	Disease Name	Gene ID	Gene Name	Genotype	Gene Symbol(s)	Phenotype ID	Phenotype Name	Age of Onset ID	Age of Onset Name	Evidence ID	Evidence Name	Frequency	Sex ID	Sex Name	Negation ID	Negation Name	Description	Pub	Assigned by	Date Created
DOID-DOID:0050464	Farber Lipogranulomatosis					HP:0001482	Subcutaneous nodule			ITM	ITM						Parsed by BioLark from Pubmed abstract (additional info: 29.29448289460636/4). MESHID: D055577	PMID:22565078;PMID:21982811;PMID:19250404;PMID:20609603	HPO	11.05.2015
DOID-DOID:0050464	Farber Lipogranulomatosis					HP:0002829	Arthralgia			ITM	ITM						Parsed by BioLark from Pubmed abstract (additional info: 25.18833293285087/4). MESHID: D055577	PMID:22565078;PMID:21982811;PMID:19250404;PMID:19149988	HPO	11.05.2015
DOID-DOID:0050464	Farber Lipogranulomatosis					HP:0001386	Joint swelling			ITM	ITM						Parsed by BioLark from Pubmed abstract (additional info: 16.14081800150387/2). MESHID: D055577	PMID:19149988;PMID:20609603	HPO	11.05.2015
DOID-DOID:0050464	Farber Lipogranulomatosis					HP:0001609	Hoarse voice			ITM	ITM						Parsed by BioLark from Pubmed abstract (additional info: 14.322734788971802/2). MESHID: D055577	PMID:19250404;PMID:20609603	HPO	11.05.2015
