Disease ID	Disease Name	Gene ID	Gene Name	Genotype	Gene Symbol(s)	Phenotype ID	Phenotype Name	Age of Onset ID	Age of Onset Name	Evidence ID	Evidence Name	Frequency	Sex ID	Sex Name	Negation ID	Negation Name	Description	Pub	Assigned by	Date Created
DOID-DOID:0010350	Breast Cyst					HP:0003002	Breast carcinoma			ITM	ITM						Parsed by BioLark from Pubmed abstract (additional info: 130.43681246113314/41). MESHID: D047688	PMID:16164926;PMID:17485908;PMID:16402924;PMID:18236815;PMID:23002953	HPO	11.05.2015
DOID-DOID:0010350	Breast Cyst					HP:0002835	Aspiration			ITM	ITM						Parsed by BioLark from Pubmed abstract (additional info: 110.50153816948611/27). MESHID: D047688	PMID:17485908;PMID:16518066;PMID:15695079;PMID:18568356;PMID:15236257	HPO	11.05.2015
DOID-DOID:0010350	Breast Cyst					HP:0100013	Neoplasm of the breast			ITM	ITM						Parsed by BioLark from Pubmed abstract (additional info: 29.866885637072702/5). MESHID: D047688	PMID:17485908;PMID:20199907;PMID:17331838;PMID:15325675;PMID:19152017	HPO	11.05.2015
