Disease ID	Disease Name	Gene ID	Gene Name	Genotype	Gene Symbol(s)	Phenotype ID	Phenotype Name	Age of Onset ID	Age of Onset Name	Evidence ID	Evidence Name	Frequency	Sex ID	Sex Name	Negation ID	Negation Name	Description	Pub	Assigned by	Date Created
DOID-DOID:0001079	Setariasis					HP:0002586	Peritonitis			ITM	ITM						Parsed by BioLark from Pubmed abstract (additional info: 60.92305978304891/15). MESHID: D012719	PMID:7754607;PMID:14532689;PMID:7195002;PMID:1216335;PMID:19203836	HPO	11.05.2015
DOID-DOID:0001079	Setariasis					HP:0003470	Paralysis			ITM	ITM						Parsed by BioLark from Pubmed abstract (additional info: 20.651283454842403/4). MESHID: D012719	PMID:14532689;PMID:10066426;PMID:15325055;PMID:15664463	HPO	11.05.2015
DOID-DOID:0001079	Setariasis					HP:0001880	Eosinophilia			ITM	ITM						Parsed by BioLark from Pubmed abstract (additional info: 17.371484711766726/3). MESHID: D012719	PMID:8873474;PMID:2093612;PMID:9243802	HPO	11.05.2015
