Disease ID	Disease Name	Gene ID	Gene Name	Genotype	Gene Symbol(s)	Phenotype ID	Phenotype Name	Age of Onset ID	Age of Onset Name	Evidence ID	Evidence Name	Frequency	Sex ID	Sex Name	Negation ID	Negation Name	Description	Pub	Assigned by	Date Created
DOID-DOID:0000993	Flavivirus Infections					HP:0002383	Encephalitis			ITM	ITM						Parsed by BioLark from Pubmed abstract (additional info: 845.4379650595198163). MESHID: D018177	PMID:20452379; PMID:17030864; PMID:19486319; PMID:12467761; PMID:15577938	HPO	11.05.2015
DOID-DOID:0000993	Flavivirus Infections					HP:0001945	Fever			ITM	ITM						Parsed by BioLark from Pubmed abstract (additional info: 399.851168722639108). MESHID: D018177	PMID:20452379; PMID:23878182; PMID:17030864; PMID:12467761; PMID:15975826	HPO	11.05.2015
DOID-DOID:0000993	Flavivirus Infections					HP:0002480	Hepatic encephalopathy			ITM	ITM						Parsed by BioLark from Pubmed abstract (additional info: 38.36833021665986). MESHID: D018177	PMID:12467761; PMID:11715596; PMID:17319166; PMID:22983112; PMID:7921854	HPO	11.05.2015
DOID-DOID:0000993	Flavivirus Infections					HP:0003365	Arthralgia of the hip			ITM	ITM						Parsed by BioLark from Pubmed abstract (additional info: 33.114886831487765). MESHID: D018177	PMID:21679887; PMID:19516034; PMID:11531316; PMID:20920527; PMID:19788800	HPO	11.05.2015
