Disease ID	Disease Name	Gene ID	Gene Name	Genotype	Gene Symbol(s)	Phenotype ID	Phenotype Name	Age of Onset ID	Age of Onset Name	Evidence ID	Evidence Name	Frequency	Sex ID	Sex Name	Negation ID	Negation Name	Description	Pub	Assigned by	Date Created
DOID-DOID:0006262	Dendritic Cell Sarcoma, Follicular					HP:0100242	Sarcoma			ITM	ITM						Parsed by BioLark from Pubmed abstract (additional info: 255.9458307044088255). MESHID: D054740	PMID:21055030; PMID:19740517; PMID:18786443; PMID:18598838; PMID:19145200	HPO	11.05.2015
DOID-DOID:0006262	Dendritic Cell Sarcoma, Follicular					HP:0011110	Tonsillitis			ITM	ITM						Parsed by BioLark from Pubmed abstract (additional info: 60.9203045601288410). MESHID: D054740	PMID:21055030; PMID:19031719; PMID:18774654; PMID:21553518; PMID:19391666	HPO	11.05.2015
DOID-DOID:0006262	Dendritic Cell Sarcoma, Follicular					HP:0002665	Lymphoma			ITM	ITM						Parsed by BioLark from Pubmed abstract (additional info: 23.7028668042431477). MESHID: D054740	PMID:19145200; PMID:19094486; PMID:23060347; PMID:19883432; PMID:21959308	HPO	11.05.2015
DOID-DOID:0006262	Dendritic Cell Sarcoma, Follicular					HP:0003473	Fatigable weakness			ITM	ITM						Parsed by BioLark from Pubmed abstract (additional info: 18.1464111258808963). MESHID: D054740	PMID:19740517; PMID:20305533; PMID:21225186	HPO	11.05.2015
