Disease ID	Disease Name	Gene ID	Gene Name	Genotype	Gene Symbol(s)	Phenotype ID	Phenotype Name	Age of Onset ID	Age of Onset Name	Evidence ID	Evidence Name	Frequency	Sex ID	Sex Name	Negation ID	Negation Name	Description	Pub	Assigned by	Date Created
DOID-DOID:0004885	Colorado Tick Fever					HP:0001945	Fever			ITM	ITM						Parsed by BioLark from Pubmed abstract (additional info: 107.367443453301229). MESHID: D003121	PMID:2537045; PMID:223462; PMID:19954; PMID:16332143; PMID:223460	HPO	11.05.2015
DOID-DOID:0004885	Colorado Tick Fever					HP:0002383	Encephalitis			ITM	ITM						Parsed by BioLark from Pubmed abstract (additional info: 36.307151873721717). MESHID: D003121	PMID:16332143; PMID:1646839; PMID:18755390; PMID:5034698; PMID:11085448	HPO	11.05.2015
DOID-DOID:0004885	Colorado Tick Fever					HP:0003326	Myalgia			ITM	ITM						Parsed by BioLark from Pubmed abstract (additional info: 19.1222216192866553). MESHID: D003121	PMID:11982311; PMID:19725767; PMID:204240	HPO	11.05.2015
