Disease ID	Disease Name	Gene ID	Gene Name	Genotype	Gene Symbol(s)	Phenotype ID	Phenotype Name	Age of Onset ID	Age of Onset Name	Evidence ID	Evidence Name	Frequency	Sex ID	Sex Name	Negation ID	Negation Name	Description	Pub	Assigned by	Date Created
DOID-DOID:0010841	Encephalomyelitis, Eastern Equine					HP:0002383	Encephalitis			ITM	ITM						Parsed by BioLark from Pubmed abstract (additional info: 238.5898551701712346). MESHID: D020242	PMID:22222869; PMID:19107960; PMID:19110708; PMID:15827230; PMID:18325261	HPO	11.05.2015
DOID-DOID:0010841	Encephalomyelitis, Eastern Equine					HP:0002527	Falls			ITM	ITM						Parsed by BioLark from Pubmed abstract (additional info: 26.8515937411612286). MESHID: D020242	PMID:14535555; PMID:15827230; PMID:21119870; PMID:18689638; PMID:17708408	HPO	11.05.2015
DOID-DOID:0010841	Encephalomyelitis, Eastern Equine					HP:0001974	Leukocytosis			ITM	ITM						Parsed by BioLark from Pubmed abstract (additional info: 18.0995255829514723). MESHID: D020242	PMID:15945389; PMID:17597459; PMID:23343480	HPO	11.05.2015
