Disease ID	Disease Name	Gene ID	Gene Name	Genotype	Gene Symbol(s)	Phenotype ID	Phenotype Name	Age of Onset ID	Age of Onset Name	Evidence ID	Evidence Name	Frequency	Sex ID	Sex Name	Negation ID	Negation Name	Description	Pub	Assigned by	Date Created
DOID-DOID:0010845	Encephalitis, St. Louis					HP:0002383	Encephalitis			ITM	ITM						Parsed by BioLark from Pubmed abstract (additional info: 1058.09414031989/204). MESHID: D004674	PMID:3486605;PMID:15962789;PMID:17620631;PMID:19960704;PMID:15381802	HPO	11.05.2015
DOID-DOID:0010845	Encephalitis, St. Louis					HP:0002719	Recurrent infections			ITM	ITM						Parsed by BioLark from Pubmed abstract (additional info: 50.10615047626636/10). MESHID: D004674	PMID:15962789;PMID:18429694;PMID:7707054;PMID:6111230;PMID:6301301	HPO	11.05.2015
DOID-DOID:0010845	Encephalitis, St. Louis					HP:0001945	Fever			ITM	ITM						Parsed by BioLark from Pubmed abstract (additional info: 44.427907635848776/12). MESHID: D004674	PMID:698451;PMID:11374133;PMID:18249032;PMID:3504901;PMID:12517026	HPO	11.05.2015
