Disease ID	Disease Name	Gene ID	Gene Name	Genotype	Gene Symbol(s)	Phenotype ID	Phenotype Name	Age of Onset ID	Age of Onset Name	Evidence ID	Evidence Name	Frequency	Sex ID	Sex Name	Negation ID	Negation Name	Description	Pub	Assigned by	Date Created
DOID-DOID:0003293	Lumpy Skin Disease					HP:0001945	Fever			ITM	ITM						Parsed by BioLark from Pubmed abstract (additional info: 33.32093072688658/9). MESHID: D008166	PMID:18503511;PMID:165571;PMID:8073169;PMID:19882228;PMID:23442901	HPO	11.05.2015
DOID-DOID:0003293	Lumpy Skin Disease					HP:0200036	Skin nodule			ITM	ITM						Parsed by BioLark from Pubmed abstract (additional info: 25.44636067607116/3). MESHID: D008166	PMID:18503511;PMID:8073169;PMID:1330481	HPO	11.05.2015
DOID-DOID:0003293	Lumpy Skin Disease					HP:0001581	Recurrent skin infections			ITM	ITM						Parsed by BioLark from Pubmed abstract (additional info: 18.58377456626539/3). MESHID: D008166	PMID:18503511;PMID:12941014;PMID:19882228	HPO	11.05.2015
DOID-DOID:0003293	Lumpy Skin Disease					HP:0002039	Anorexia			ITM	ITM						Parsed by BioLark from Pubmed abstract (additional info: 17.11067351901751/3). MESHID: D008166	PMID:1602585;PMID:1777792;PMID:1330481	HPO	11.05.2015
