Disease ID	Disease Name	Gene ID	Gene Name	Genotype	Gene Symbol(s)	Phenotype ID	Phenotype Name	Age of Onset ID	Age of Onset Name	Evidence ID	Evidence Name	Frequency	Sex ID	Sex Name	Negation ID	Negation Name	Description	Pub	Assigned by	Date Created
DOID-DOID:0007848	Dendritic Cell Sarcoma, Interdigitating					HP:0100242	Sarcoma			ITM	ITM						Parsed by BioLark from Pubmed abstract (additional info: 116.3390139565494625). MESHID: D054739	PMID:21055030; PMID:21286027; PMID:22938549; PMID:22772431; PMID:19563939	HPO	11.05.2015
DOID-DOID:0007848	Dendritic Cell Sarcoma, Interdigitating					HP:0002716	Lymphadenopathy			ITM	ITM						Parsed by BioLark from Pubmed abstract (additional info: 27.5566012738550555). MESHID: D054739	PMID:19223374; PMID:20399026; PMID:21052884; PMID:18843982; PMID:19348397	HPO	11.05.2015
DOID-DOID:0007848	Dendritic Cell Sarcoma, Interdigitating					HP:0002665	Lymphoma			ITM	ITM						Parsed by BioLark from Pubmed abstract (additional info: 16.9306191458879635). MESHID: D054739	PMID:19094486; PMID:21666687; PMID:19926586; PMID:19348397; PMID:20736747	HPO	11.05.2015
