Disease ID	Disease Name	Gene ID	Gene Name	Genotype	Gene Symbol(s)	Phenotype ID	Phenotype Name	Age of Onset ID	Age of Onset Name	Evidence ID	Evidence Name	Frequency	Sex ID	Sex Name	Negation ID	Negation Name	Description	Pub	Assigned by	Date Created
DOID-DOID:0012927	Screw Worm Infection					HP:0000789	Infertility			ITM	ITM						Parsed by BioLark from Pubmed abstract (additional info: 82.44645094284398/17). MESHID: D012610	PMID:11931246;PMID:19335830;PMID:10190211;PMID:1768908;PMID:15301701	HPO	11.05.2015
DOID-DOID:0012927	Screw Worm Infection					HP:0003251	Male infertility			ITM	ITM						Parsed by BioLark from Pubmed abstract (additional info: 46.4180481644306/6). MESHID: D012610	PMID:9677623;PMID:2979523;PMID:19335836;PMID:1888213;PMID:1418323	HPO	11.05.2015
