Disease ID	Disease Name	Gene ID	Gene Name	Genotype	Gene Symbol(s)	Phenotype ID	Phenotype Name	Age of Onset ID	Age of Onset Name	Evidence ID	Evidence Name	Frequency	Sex ID	Sex Name	Negation ID	Negation Name	Description	Pub	Assigned by	Date Created
DOID-DOID:0002776	Adamantinoma					HP:0100242	Sarcoma			ITM	ITM						Parsed by BioLark from Pubmed abstract (additional info: 18.614242233047914/4). MESHID: D050398	PMID:23084265;PMID:22000283;PMID:17016721;PMID:23552387	HPO	11.05.2015
DOID-DOID:0002776	Adamantinoma					HP:0000718	Aggressive behavior			ITM	ITM						Parsed by BioLark from Pubmed abstract (additional info: 17.785514422189287/5). MESHID: D050398	PMID:22675031;PMID:19968233;PMID:22000283;PMID:16883154;PMID:17356156	HPO	11.05.2015
DOID-DOID:0002776	Adamantinoma					HP:0003988	Long ulna			ITM	ITM						Parsed by BioLark from Pubmed abstract (additional info: 12.561539137362477/1). MESHID: D050398	PMID:16544529	HPO	11.05.2015
DOID-DOID:0002776	Adamantinoma					HP:0002669	Osteosarcoma			ITM	ITM						Parsed by BioLark from Pubmed abstract (additional info: 10.548489060616957/2). MESHID: D050398	PMID:21327978;PMID:16365128	HPO	11.05.2015
