Disease ID	Disease Name	Gene ID	Gene Name	Genotype	Gene Symbol(s)	Phenotype ID	Phenotype Name	Age of Onset ID	Age of Onset Name	Evidence ID	Evidence Name	Frequency	Sex ID	Sex Name	Negation ID	Negation Name	Description	Pub	Assigned by	Date Created
DOID-DOID:0004274	Pestivirus Infections					HP:0002014	Diarrhea			ITM	ITM						Parsed by BioLark from Pubmed abstract (additional info: 273.77731264636765/57). MESHID: D018182	PMID:23085884;PMID:8583645;PMID:21461731;PMID:17719098;PMID:19846261	HPO	11.05.2015
DOID-DOID:0004274	Pestivirus Infections					HP:0001945	Fever			ITM	ITM						Parsed by BioLark from Pubmed abstract (additional info: 111.06976908962194/30). MESHID: D018182	PMID:9029529;PMID:23085884;PMID:9367363;PMID:8583645;PMID:17719098	HPO	11.05.2015
DOID-DOID:0004274	Pestivirus Infections					HP:0001510	Growth delay			ITM	ITM						Parsed by BioLark from Pubmed abstract (additional info: 22.814464928512862/4). MESHID: D018182	PMID:22362935;PMID:23345268;PMID:21488962;PMID:8131728	HPO	11.05.2015
